Camera matrix : 

[[1.51833144e+03 0.00000000e+00 9.27538544e+02]
 [0.00000000e+00 1.52779277e+03 5.75914060e+02]
 [0.00000000e+00 0.00000000e+00 1.00000000e+00]]
dist : 

[[ 0.22038708 -0.5247812   0.00840614 -0.00334753  0.45768978]]
rvecs : 

[array([[-0.07451331],
       [ 0.06012055],
       [-1.48459559]]), array([[ 0.55356845],
       [ 0.32460491],
       [-1.31402863]]), array([[ 0.49849911],
       [ 0.2688227 ],
       [-1.25206205]]), array([[ 0.26815688],
       [-0.26478305],
       [-1.42770447]]), array([[ 0.39410157],
       [ 0.54180365],
       [-1.41698957]]), array([[-0.3947088 ],
       [ 0.21930189],
       [-1.93536564]]), array([[ 0.22635221],
       [-0.22199393],
       [-1.04981042]]), array([[ 0.08121452],
       [-0.08361975],
       [-1.46464438]]), array([[ 0.23453018],
       [-0.31783764],
       [-0.90298866]]), array([[-0.02922796],
       [ 0.0120809 ],
       [-1.50312206]]), array([[-0.04586719],
       [ 0.58585377],
       [-1.49400723]]), array([[ 0.22995614],
       [-0.02756881],
       [-1.44816993]]), array([[ 0.04867416],
       [ 0.61886161],
       [-1.44459415]]), array([[ 0.26384039],
       [ 0.11274946],
       [-0.89929873]]), array([[ 0.05305704],
       [ 0.00312711],
       [-1.55138132]]), array([[ 0.72453735],
       [ 0.02256107],
       [-0.91344561]]), array([[ 0.04771836],
       [ 0.0511996 ],
       [-1.51788992]]), array([[-0.46627505],
       [ 0.60328318],
       [-1.56087754]]), array([[-0.09370327],
       [ 0.42002562],
       [-1.97398272]]), array([[ 0.23709437],
       [-0.06139866],
       [-1.4759962 ]]), array([[ 0.61949378],
       [-0.40521037],
       [-1.38474437]]), array([[ 0.18552309],
       [-0.07373315],
       [-1.44633043]]), array([[ 0.12789092],
       [-0.05744865],
       [-1.51488904]]), array([[ 0.0476721 ],
       [-0.02447117],
       [-1.52033892]]), array([[-0.30604338],
       [-0.43205674],
       [-1.51313872]]), array([[ 0.3238516 ],
       [-0.20605513],
       [-1.41765997]])]
tvecs : 

[array([[16.87893723],
       [19.20650904],
       [67.55304298]]), array([[-11.59968348],
       [-21.38076974],
       [131.4527406 ]]), array([[-11.5046264 ],
       [-24.34307783],
       [132.06506754]]), array([[-27.60792029],
       [ 14.4631717 ],
       [ 68.23652673]]), array([[-5.83131056],
       [-7.8281444 ],
       [46.29427154]]), array([[ 7.20078802],
       [-8.09934678],
       [85.94100678]]), array([[-25.23441611],
       [ 10.38684547],
       [ 69.25167587]]), array([[-7.06320231],
       [16.53461726],
       [58.65404961]]), array([[-43.46038287],
       [-13.59649615],
       [113.91595869]]), array([[-0.79442557],
       [-0.5210165 ],
       [35.39208015]]), array([[ 22.08798105],
       [-17.73625447],
       [ 88.94926239]]), array([[-17.61663867],
       [ -6.26472282],
       [108.20493978]]), array([[ 19.24936952],
       [-22.97223056],
       [ 81.88894897]]), array([[ -8.37990091],
       [-11.26522397],
       [ 60.86411206]]), array([[25.73878996],
       [-0.49848544],
       [55.92741968]]), array([[-16.3035337 ],
       [-13.98534571],
       [ 64.68425892]]), array([[-4.52135195],
       [-5.64238421],
       [86.52443187]]), array([[ 7.78327577],
       [-2.4643187 ],
       [53.03788881]]), array([[ 0.63193394],
       [-8.22944863],
       [64.9113787 ]]), array([[-38.2686941 ],
       [ -9.70682968],
       [107.02891104]]), array([[-13.60591635],
       [ -5.90741002],
       [ 42.30571771]]), array([[-32.04169462],
       [-13.44373036],
       [ 84.89996446]]), array([[-21.7629414 ],
       [ -2.60629327],
       [ 50.50880826]]), array([[ 0.56173961],
       [-1.5031486 ],
       [62.57425038]]), array([[-6.88369596],
       [-8.02958167],
       [44.10676272]]), array([[-21.05532981],
       [ 15.71143199],
       [102.43784085]])]

